{
 "cells": [
  {
   "cell_type": "markdown",
   "id": "3c8d91d9",
   "metadata": {},
   "source": [
    "Applying causal attention mask"
   ]
  },
  {
   "cell_type": "markdown",
   "id": "8ce330f8",
   "metadata": {},
   "source": [
    "steps of applying causal attention mask\n",
    "1. attention scores (unnormalized)\n",
    "2. attention weights (normalized)\n",
    "3. masked attention scores (unnormalized)\n",
    "4. masked attention weights (normalized)\n"
   ]
  },
  {
   "cell_type": "code",
   "execution_count": 1,
   "id": "b296e7a9",
   "metadata": {},
   "outputs": [],
   "source": [
    "import torch\n",
    "inputs = torch.tensor([\n",
    "    [0.43, 0.15, 0.89],  # your        (x^1)\n",
    "    [0.55, 0.87, 0.66],  # journey     (x^2)\n",
    "    [0.57, 0.85, 0.64],  # starts     (x^3)\n",
    "    [0.22, 0.58, 0.33],  # with       (x^4)\n",
    "    [0.77, 0.25, 0.10],  # one        (x^5)\n",
    "    [0.05, 0.80, 0.55]  # step        (X^6)\n",
    "])"
   ]
  },
  {
   "cell_type": "code",
   "execution_count": 2,
   "id": "fd9c264d",
   "metadata": {},
   "outputs": [],
   "source": [
    "\n",
    "import torch.nn as nn\n",
    "\n",
    "\n",
    "class SelfAttention_v2(nn.Module):\n",
    "    def __init__(self, d_in, d_out, qkv_bias=False):\n",
    "        super().__init__()\n",
    "        self.d_out = d_out\n",
    "        self.W_query = nn.Linear(d_in, d_out, bias=qkv_bias)\n",
    "        self.W_key = nn.Linear(d_in, d_out, bias=qkv_bias)\n",
    "        self.W_value = nn.Linear(d_in, d_out, bias=qkv_bias)\n",
    "\n",
    "    def forward(self, x):\n",
    "        keys = self.W_key(x)\n",
    "        queries = self.W_query(x)\n",
    "        values = self.W_value(x)\n",
    "        attn_scores = queries@keys.T\n",
    "        attn_weights = torch.softmax(attn_scores/keys.shape[-1]**0.5, dim=-1)\n",
    "        context_vec = attn_weights@values\n",
    "\n",
    "        return context_vec\n"
   ]
  },
  {
   "cell_type": "code",
   "execution_count": 3,
   "id": "5c95d1cb",
   "metadata": {},
   "outputs": [],
   "source": [
    "d_in = inputs.shape[1]  # input embedding size (3)\n",
    "d_out = 2  # output embedding size\n"
   ]
  },
  {
   "cell_type": "code",
   "execution_count": 4,
   "id": "a50e63f5",
   "metadata": {},
   "outputs": [],
   "source": [
    "torch.manual_seed(789)\n",
    "sa_v2=SelfAttention_v2(d_in=d_in, d_out=d_out)\n"
   ]
  },
  {
   "cell_type": "code",
   "execution_count": 5,
   "id": "fdca311a",
   "metadata": {},
   "outputs": [
    {
     "name": "stdout",
     "output_type": "stream",
     "text": [
      "tensor([[ 0.2899,  0.0716,  0.0760, -0.0138,  0.1344, -0.0511],\n",
      "        [ 0.4656,  0.1723,  0.1751,  0.0259,  0.1771,  0.0085],\n",
      "        [ 0.4594,  0.1703,  0.1731,  0.0259,  0.1745,  0.0090],\n",
      "        [ 0.2642,  0.1024,  0.1036,  0.0186,  0.0973,  0.0122],\n",
      "        [ 0.2183,  0.0874,  0.0882,  0.0177,  0.0786,  0.0144],\n",
      "        [ 0.3408,  0.1270,  0.1290,  0.0198,  0.1290,  0.0078]],\n",
      "       grad_fn=<MmBackward0>)\n",
      "tensor([[0.1921, 0.1646, 0.1652, 0.1550, 0.1721, 0.1510],\n",
      "        [0.2041, 0.1659, 0.1662, 0.1496, 0.1665, 0.1477],\n",
      "        [0.2036, 0.1659, 0.1662, 0.1498, 0.1664, 0.1480],\n",
      "        [0.1869, 0.1667, 0.1668, 0.1571, 0.1661, 0.1564],\n",
      "        [0.1830, 0.1669, 0.1670, 0.1588, 0.1658, 0.1585],\n",
      "        [0.1935, 0.1663, 0.1666, 0.1542, 0.1666, 0.1529]],\n",
      "       grad_fn=<SoftmaxBackward0>)\n"
     ]
    }
   ],
   "source": [
    "queries=sa_v2.W_query(inputs)\n",
    "keys=sa_v2.W_key(inputs)\n",
    "values=sa_v2.W_value(inputs)\n",
    "\n",
    "attn_scores=queries@keys.T\n",
    "attn_weights=torch.softmax(attn_scores/keys.shape[-1]**0.5, dim=1)\n",
    "print(attn_scores)\n",
    "print(attn_weights)\n"
   ]
  },
  {
   "cell_type": "code",
   "execution_count": 6,
   "id": "9a32af37",
   "metadata": {},
   "outputs": [
    {
     "name": "stdout",
     "output_type": "stream",
     "text": [
      "tensor([[1., 0., 0., 0., 0., 0.],\n",
      "        [1., 1., 0., 0., 0., 0.],\n",
      "        [1., 1., 1., 0., 0., 0.],\n",
      "        [1., 1., 1., 1., 0., 0.],\n",
      "        [1., 1., 1., 1., 1., 0.],\n",
      "        [1., 1., 1., 1., 1., 1.]])\n"
     ]
    }
   ],
   "source": [
    "# masked attention scores (unnormalized) with values above diag = 0\n",
    "# can be done with pytorch's trill function\n",
    "\n",
    "context_length=attn_scores.shape[0]\n",
    "mask_simple=torch.tril(torch.ones(context_length,context_length))\n",
    "print(mask_simple)\n",
    "\n"
   ]
  },
  {
   "cell_type": "code",
   "execution_count": 7,
   "id": "da7cae54",
   "metadata": {},
   "outputs": [
    {
     "name": "stdout",
     "output_type": "stream",
     "text": [
      "tensor([[0.1921, 0.0000, 0.0000, 0.0000, 0.0000, 0.0000],\n",
      "        [0.2041, 0.1659, 0.0000, 0.0000, 0.0000, 0.0000],\n",
      "        [0.2036, 0.1659, 0.1662, 0.0000, 0.0000, 0.0000],\n",
      "        [0.1869, 0.1667, 0.1668, 0.1571, 0.0000, 0.0000],\n",
      "        [0.1830, 0.1669, 0.1670, 0.1588, 0.1658, 0.0000],\n",
      "        [0.1935, 0.1663, 0.1666, 0.1542, 0.1666, 0.1529]],\n",
      "       grad_fn=<MulBackward0>)\n"
     ]
    }
   ],
   "source": [
    "masked_simple=attn_weights*mask_simple\n",
    "print(masked_simple)"
   ]
  },
  {
   "cell_type": "code",
   "execution_count": 8,
   "id": "fffe0f43",
   "metadata": {},
   "outputs": [
    {
     "name": "stdout",
     "output_type": "stream",
     "text": [
      "tensor([[0.1921],\n",
      "        [0.3700],\n",
      "        [0.5357],\n",
      "        [0.6775],\n",
      "        [0.8415],\n",
      "        [1.0000]], grad_fn=<SumBackward1>)\n"
     ]
    }
   ],
   "source": [
    "# masked attention weights (normalized)\n",
    "# row wise sum\n",
    "row_sums=masked_simple.sum(dim=1, keepdim=True)\n",
    "print(row_sums)"
   ]
  },
  {
   "cell_type": "code",
   "execution_count": 9,
   "id": "57e29298",
   "metadata": {},
   "outputs": [
    {
     "name": "stdout",
     "output_type": "stream",
     "text": [
      "tensor([[1.0000, 0.0000, 0.0000, 0.0000, 0.0000, 0.0000],\n",
      "        [0.5517, 0.4483, 0.0000, 0.0000, 0.0000, 0.0000],\n",
      "        [0.3800, 0.3097, 0.3103, 0.0000, 0.0000, 0.0000],\n",
      "        [0.2758, 0.2460, 0.2462, 0.2319, 0.0000, 0.0000],\n",
      "        [0.2175, 0.1983, 0.1984, 0.1888, 0.1971, 0.0000],\n",
      "        [0.1935, 0.1663, 0.1666, 0.1542, 0.1666, 0.1529]],\n",
      "       grad_fn=<DivBackward0>)\n"
     ]
    }
   ],
   "source": [
    "masked_simple_norm=masked_simple/row_sums\n",
    "print(masked_simple_norm)"
   ]
  },
  {
   "cell_type": "markdown",
   "id": "95f8f96b",
   "metadata": {},
   "source": [
    "*an efficient way for masked attention weights calculation*\n",
    "\n",
    "1. attention scores (unnormalized)\n",
    "2. masked attention scores (unnormalized)\n",
    "3. masked attention weights (normalized) by applying softmax\n"
   ]
  },
  {
   "cell_type": "code",
   "execution_count": 10,
   "id": "55af3c73",
   "metadata": {},
   "outputs": [
    {
     "name": "stdout",
     "output_type": "stream",
     "text": [
      "tensor([[ 0.2899,  0.0716,  0.0760, -0.0138,  0.1344, -0.0511],\n",
      "        [ 0.4656,  0.1723,  0.1751,  0.0259,  0.1771,  0.0085],\n",
      "        [ 0.4594,  0.1703,  0.1731,  0.0259,  0.1745,  0.0090],\n",
      "        [ 0.2642,  0.1024,  0.1036,  0.0186,  0.0973,  0.0122],\n",
      "        [ 0.2183,  0.0874,  0.0882,  0.0177,  0.0786,  0.0144],\n",
      "        [ 0.3408,  0.1270,  0.1290,  0.0198,  0.1290,  0.0078]],\n",
      "       grad_fn=<MmBackward0>)\n"
     ]
    }
   ],
   "source": [
    "print(attn_scores)"
   ]
  },
  {
   "cell_type": "code",
   "execution_count": 11,
   "id": "de8dfc68",
   "metadata": {},
   "outputs": [
    {
     "name": "stdout",
     "output_type": "stream",
     "text": [
      "tensor([[0., 1., 1., 1., 1., 1.],\n",
      "        [0., 0., 1., 1., 1., 1.],\n",
      "        [0., 0., 0., 1., 1., 1.],\n",
      "        [0., 0., 0., 0., 1., 1.],\n",
      "        [0., 0., 0., 0., 0., 1.],\n",
      "        [0., 0., 0., 0., 0., 0.]])\n"
     ]
    }
   ],
   "source": [
    "mask=torch.triu(torch.ones(context_length, context_length), diagonal=1)\n",
    "print(mask)\n",
    "\n"
   ]
  },
  {
   "cell_type": "code",
   "execution_count": 12,
   "id": "babb24d3",
   "metadata": {},
   "outputs": [
    {
     "name": "stdout",
     "output_type": "stream",
     "text": [
      "tensor([[0.2899,   -inf,   -inf,   -inf,   -inf,   -inf],\n",
      "        [0.4656, 0.1723,   -inf,   -inf,   -inf,   -inf],\n",
      "        [0.4594, 0.1703, 0.1731,   -inf,   -inf,   -inf],\n",
      "        [0.2642, 0.1024, 0.1036, 0.0186,   -inf,   -inf],\n",
      "        [0.2183, 0.0874, 0.0882, 0.0177, 0.0786,   -inf],\n",
      "        [0.3408, 0.1270, 0.1290, 0.0198, 0.1290, 0.0078]],\n",
      "       grad_fn=<MaskedFillBackward0>)\n"
     ]
    }
   ],
   "source": [
    "masked=attn_scores.masked_fill(mask.bool(), -torch.inf)\n",
    "print(masked)"
   ]
  },
  {
   "cell_type": "code",
   "execution_count": 13,
   "id": "8642c54d",
   "metadata": {},
   "outputs": [
    {
     "name": "stdout",
     "output_type": "stream",
     "text": [
      "tensor([[1.0000, 0.0000, 0.0000, 0.0000, 0.0000, 0.0000],\n",
      "        [0.5517, 0.4483, 0.0000, 0.0000, 0.0000, 0.0000],\n",
      "        [0.3800, 0.3097, 0.3103, 0.0000, 0.0000, 0.0000],\n",
      "        [0.2758, 0.2460, 0.2462, 0.2319, 0.0000, 0.0000],\n",
      "        [0.2175, 0.1983, 0.1984, 0.1888, 0.1971, 0.0000],\n",
      "        [0.1935, 0.1663, 0.1666, 0.1542, 0.1666, 0.1529]],\n",
      "       grad_fn=<SoftmaxBackward0>)\n"
     ]
    }
   ],
   "source": [
    "attn_weights=torch.softmax(masked/keys.shape[-1]**0.5, dim=1)\n",
    "print(attn_weights)\n"
   ]
  },
  {
   "cell_type": "code",
   "execution_count": 14,
   "id": "212058a4",
   "metadata": {},
   "outputs": [
    {
     "name": "stdout",
     "output_type": "stream",
     "text": [
      "tensor([[-0.0872,  0.0286],\n",
      "        [-0.0991,  0.0501],\n",
      "        [-0.0999,  0.0633],\n",
      "        [-0.0983,  0.0489],\n",
      "        [-0.0514,  0.1098],\n",
      "        [-0.0754,  0.0693]], grad_fn=<MmBackward0>)\n"
     ]
    }
   ],
   "source": [
    "# we can now use this attn_weights to calculate context vector\n",
    "context_vec=attn_weights@values\n",
    "print(context_vec)"
   ]
  },
  {
   "cell_type": "code",
   "execution_count": null,
   "id": "66d408fb",
   "metadata": {},
   "outputs": [],
   "source": []
  }
 ],
 "metadata": {
  "kernelspec": {
   "display_name": "venv",
   "language": "python",
   "name": "python3"
  },
  "language_info": {
   "codemirror_mode": {
    "name": "ipython",
    "version": 3
   },
   "file_extension": ".py",
   "mimetype": "text/x-python",
   "name": "python",
   "nbconvert_exporter": "python",
   "pygments_lexer": "ipython3",
   "version": "3.13.1"
  }
 },
 "nbformat": 4,
 "nbformat_minor": 5
}
